0
100 1059 7 0000000 buckets/0000000.dat 1
1
100 1060 7 0000001 buckets/0000001.dat 1
2
100 1060 7 0000010 buckets/0000010.dat 1
3
100 1060 7 0000011 buckets/0000011.dat 1
4
100 1060 7 0000100 buckets/0000100.dat 1
5
100 1060 7 0000101 buckets/0000101.dat 1
6
100 1060 7 0000110 buckets/0000110.dat 1
7
100 1060 7 0000111 buckets/0000111.dat 1
8
100 1060 7 0001000 buckets/0001000.dat 1
9
100 1060 7 0001001 buckets/0001001.dat 1
10
100 1060 7 0001010 buckets/0001010.dat 1
11
100 1060 7 0001011 buckets/0001011.dat 1
12
100 1060 7 0001100 buckets/0001100.dat 1
13
100 1060 7 0001101 buckets/0001101.dat 1
14
100 1060 7 0001110 buckets/0001110.dat 1
15
100 1060 7 0001111 buckets/0001111.dat 1
16
100 1060 7 0010000 buckets/0010000.dat 1
17
100 1060 7 0010001 buckets/0010001.dat 1
18
100 1060 7 0010010 buckets/0010010.dat 1
19
100 1060 7 0010011 buckets/0010011.dat 1
20
100 1059 7 0010100 buckets/0010100.dat 1
21
100 1059 7 0010101 buckets/0010101.dat 1
22
100 1059 7 0010110 buckets/0010110.dat 1
23
100 1059 7 0010111 buckets/0010111.dat 1
24
100 1059 7 0011000 buckets/0011000.dat 1
25
100 1059 7 0011001 buckets/0011001.dat 1
26
100 1059 7 0011010 buckets/0011010.dat 1
27
100 1059 7 0011011 buckets/0011011.dat 1
28
100 1059 7 0011100 buckets/0011100.dat 1
29
100 1059 7 0011101 buckets/0011101.dat 1
30
100 1059 7 0011110 buckets/0011110.dat 1
31
100 1059 7 0011111 buckets/0011111.dat 1
32
100 1059 7 0100000 buckets/0100000.dat 1
33
100 1059 7 0100001 buckets/0100001.dat 1
34
100 1059 7 0100010 buckets/0100010.dat 1
35
100 1059 7 0100011 buckets/0100011.dat 1
36
100 1059 7 0100100 buckets/0100100.dat 1
37
100 1059 7 0100101 buckets/0100101.dat 1
38
100 1059 7 0100110 buckets/0100110.dat 1
39
100 1059 7 0100111 buckets/0100111.dat 1
40
100 1059 7 0101000 buckets/0101000.dat 1
41
100 1059 7 0101001 buckets/0101001.dat 1
42
100 1059 7 0101010 buckets/0101010.dat 1
43
100 1059 7 0101011 buckets/0101011.dat 1
44
100 1059 7 0101100 buckets/0101100.dat 1
45
100 1059 7 0101101 buckets/0101101.dat 1
46
100 1059 7 0101110 buckets/0101110.dat 1
47
100 1059 7 0101111 buckets/0101111.dat 1
48
100 1059 7 0110000 buckets/0110000.dat 1
49
100 1059 7 0110001 buckets/0110001.dat 1
50
100 1059 7 0110010 buckets/0110010.dat 1
51
100 1059 7 0110011 buckets/0110011.dat 1
52
100 1059 7 0110100 buckets/0110100.dat 1
53
100 1059 7 0110101 buckets/0110101.dat 1
54
100 1059 7 0110110 buckets/0110110.dat 1
55
100 1059 7 0110111 buckets/0110111.dat 1
56
100 1059 7 0111000 buckets/0111000.dat 1
57
100 1059 7 0111001 buckets/0111001.dat 1
58
100 1059 7 0111010 buckets/0111010.dat 1
59
100 1059 7 0111011 buckets/0111011.dat 1
60
100 1059 7 0111100 buckets/0111100.dat 1
61
100 1059 7 0111101 buckets/0111101.dat 1
62
100 1059 7 0111110 buckets/0111110.dat 1
63
100 1059 7 0111111 buckets/0111111.dat 1
64
100 1059 7 1000000 buckets/1000000.dat 1
65
100 1059 7 1000001 buckets/1000001.dat 1
66
100 1059 7 1000010 buckets/1000010.dat 1
67
100 1059 7 1000011 buckets/1000011.dat 1
68
100 1059 7 1000100 buckets/1000100.dat 1
69
100 1059 7 1000101 buckets/1000101.dat 1
70
100 1059 7 1000110 buckets/1000110.dat 1
71
100 1059 7 1000111 buckets/1000111.dat 1
72
100 1059 7 1001000 buckets/1001000.dat 1
73
100 1059 7 1001001 buckets/1001001.dat 1
74
100 1059 7 1001010 buckets/1001010.dat 1
75
100 1059 7 1001011 buckets/1001011.dat 1
76
100 1059 7 1001100 buckets/1001100.dat 1
77
100 1059 7 1001101 buckets/1001101.dat 1
78
100 1059 7 1001110 buckets/1001110.dat 1
79
100 1059 7 1001111 buckets/1001111.dat 1
80
100 1059 7 1010000 buckets/1010000.dat 1
81
100 1059 7 1010001 buckets/1010001.dat 1
82
100 1059 7 1010010 buckets/1010010.dat 1
83
100 1059 7 1010011 buckets/1010011.dat 1
84
100 1059 7 1010100 buckets/1010100.dat 1
85
100 1059 7 1010101 buckets/1010101.dat 1
86
100 1059 7 1010110 buckets/1010110.dat 1
87
100 1059 7 1010111 buckets/1010111.dat 1
88
100 1059 7 1011000 buckets/1011000.dat 1
89
100 1059 7 1011001 buckets/1011001.dat 1
90
100 1059 7 1011010 buckets/1011010.dat 1
91
100 1059 7 1011011 buckets/1011011.dat 1
92
100 1059 7 1011100 buckets/1011100.dat 1
93
100 1059 7 1011101 buckets/1011101.dat 1
94
100 1059 7 1011110 buckets/1011110.dat 1
95
100 1059 7 1011111 buckets/1011111.dat 1
96
100 1059 7 1100000 buckets/1100000.dat 1
97
100 1059 7 1100001 buckets/1100001.dat 1
98
100 1059 7 1100010 buckets/1100010.dat 1
99
100 1059 7 1100011 buckets/1100011.dat 1
100
100 1059 7 1100100 buckets/1100100.dat 1
101
100 1059 7 1100101 buckets/1100101.dat 1
102
100 1059 7 1100110 buckets/1100110.dat 1
103
100 1059 7 1100111 buckets/1100111.dat 1
104
100 1059 7 1101000 buckets/1101000.dat 1
105
100 1059 7 1101001 buckets/1101001.dat 1
106
100 1059 7 1101010 buckets/1101010.dat 1
107
100 1059 7 1101011 buckets/1101011.dat 1
108
100 1059 7 1101100 buckets/1101100.dat 1
109
100 1059 7 1101101 buckets/1101101.dat 1
110
100 1059 7 1101110 buckets/1101110.dat 1
111
100 1059 7 1101111 buckets/1101111.dat 1
112
100 1059 7 1110000 buckets/1110000.dat 1
113
100 1059 7 1110001 buckets/1110001.dat 1
114
100 1059 7 1110010 buckets/1110010.dat 1
115
100 1059 7 1110011 buckets/1110011.dat 1
116
100 1059 7 1110100 buckets/1110100.dat 1
117
100 1059 7 1110101 buckets/1110101.dat 1
118
100 1059 7 1110110 buckets/1110110.dat 1
119
100 1059 7 1110111 buckets/1110111.dat 1
120
100 1059 7 1111000 buckets/1111000.dat 1
121
100 1059 7 1111001 buckets/1111001.dat 1
122
100 1059 7 1111010 buckets/1111010.dat 1
123
100 1059 7 1111011 buckets/1111011.dat 1
124
100 1059 7 1111100 buckets/1111100.dat 1
125
100 1059 7 1111101 buckets/1111101.dat 1
126
100 1059 7 1111110 buckets/1111110.dat 1
127
100 1059 7 1111111 buckets/1111111.dat 1
